10
0.24165344172741843 0.1406183442834631 0.4102475253976987 0.8708964215485965 0.6083726681207253 0.2483411428411304 0.1691911893714909 0.6327549302530904 0.8681511661187052 0.4244074623284477 
0.0 0.46078159213554065 -0.5231373944155948 -0.7457302534937026 -0.42193628238893055 -0.358752057074144 -0.1189845853329734 -0.73081824757346 -1.0529755719047311 0.028744418580675668 
0.0 0.0 -0.635250822361157 -1.2828607634992353 -0.4517719407674215 -0.1833081365351884 0.4606341508460505 -0.6318148881645406 -0.7088499871564153 -0.961126007465524 
0.0 0.0 0.0 -0.4867339198848555 0.6120308207485916 0.6682678525718896 0.7164690575971215 0.4022195718637473 0.5815348516013192 -0.28773411307893737 
0.0 0.0 0.0 0.0 -2.7619421528179977E-6 0.17068679476147836 -0.6798410590270654 -0.013740417868697688 -0.8638566181693123 0.2728002949391194 
0.0 0.0 0.0 0.0 -2.283817184671219 -2.099413586776981 -2.605676198626741 -1.7421497879823646 -3.0509557606183186 0.6034767451875882 
0.0 0.0 0.0 0.0 -1.834529135193197 -1.1959516313643719 -1.2263080426160617 -1.587162180531452 -1.6519200630144235 -0.21338089182160103 
0.0 0.0 0.0 0.0 -3.143122845774497 -2.4222731196313916 -1.750210126834519 -2.069712755961082 -2.944675055217586 -0.24278969801322503 
0.0 0.0 0.0 0.0 -1.660509724053562 -0.7800379371797591 -1.2014612937981597 -0.8455454764637295 -0.9707559062517843 -0.6218088878966292 
0.0 0.0 0.0 0.0 -1.2774779284649889 -0.3359869213587572 -0.2761691337370926 -1.2911154197980679 -1.5700121360017985 0.7554804064042728 
0.7787838293787724 0.340079333061319 0.9013534985408773 0.481118792602801 0.27588708795701555 0.26782247890464383 0.7100470618908781 0.3400534799331213 0.9326758182192223 0.7072408212881198 
